{
    "fx": 5.1730639648437500e+02,
    "fy": 5.1646923828125000e+02,
    "cx": 3.1864303588867188e+02,
    "cy": 2.5531399536132813e+02,
    "KeyFrames": [
        {
            "id": 0,
            "Twc": {
                "type_id": "opencv-matrix",
                "rows": 4,
                "cols": 4,
                "dt": "f",
                "data": [ 1., 0., 0., 0., 0., 1., 0., 0., 0., 0., 1., 0.,
                    0., 0., 0., 1. ]
            }
        },
        {
            "id": 2,
            "Twc": {
                "type_id": "opencv-matrix",
                "rows": 4,
                "cols": 4,
                "dt": "f",
                "data": [ 9.99729335e-01, -2.25750897e-02,
                    5.62433898e-03, -5.45265041e-02, 2.25322098e-02,
                    9.99717414e-01, 7.57403439e-03, -8.81088804e-03,
                    -5.79373445e-03, -7.44525576e-03, 9.99955475e-01,
                    -2.26957444e-03, 0., 0., 0., 1. ]
            }
        },
        {
            "id": 1,
            "Twc": {
                "type_id": "opencv-matrix",
                "rows": 4,
                "cols": 4,
                "dt": "f",
                "data": [ 9.99920487e-01, -9.95544344e-03,
                    7.74193089e-03, -3.36441062e-02, 9.91739612e-03,
                    9.99938607e-01, 4.93743178e-03, -6.95142569e-03,
                    -7.79061019e-03, -4.86025959e-03, 9.99957860e-01,
                    -5.35603613e-06, 0., 0., 0., 1. ]
            }
        },
        {
            "id": 3,
            "Twc": {
                "type_id": "opencv-matrix",
                "rows": 4,
                "cols": 4,
                "dt": "f",
                "data": [ 9.97532845e-01, -6.49544597e-02,
                    -2.66306531e-02, -8.28098953e-02, 6.52143434e-02,
                    9.97830629e-01, 9.00837127e-03, -1.63978469e-02,
                    2.59877462e-02, -1.07228467e-02, 9.99604762e-01,
                    6.51958166e-04, 0., 0., 0., 1. ]
            }
        },
        {
            "id": 13,
            "Twc": {
                "type_id": "opencv-matrix",
                "rows": 4,
                "cols": 4,
                "dt": "f",
                "data": [ 9.10609543e-01, -6.14818148e-02,
                    4.08668935e-01, -3.45535845e-01, 4.67523113e-02,
                    9.97849286e-01, 4.59454730e-02, -2.08851874e-01,
                    -4.10614818e-01, -2.27321666e-02, 9.11525488e-01,
                    2.31877953e-01, 0., 0., 0., 1. ]
            }
        },
        {
            "id": 7,
            "Twc": {
                "type_id": "opencv-matrix",
                "rows": 4,
                "cols": 4,
                "dt": "f",
                "data": [ 9.62897360e-01, -1.60651177e-01,
                    2.16840699e-01, -1.97748363e-01, 1.59784034e-01,
                    9.86914694e-01, 2.16443706e-02, -7.51061812e-02,
                    -2.17480466e-01, 1.38063747e-02, 9.75967050e-01,
                    5.34530394e-02, 0., 0., 0., 1. ]
            }
        },
        {
            "id": 20,
            "Twc": {
                "type_id": "opencv-matrix",
                "rows": 4,
                "cols": 4,
                "dt": "f",
                "data": [ 9.74406779e-01, 1.82476297e-01, 1.31277576e-01,
                    3.65168527e-02, -2.08188862e-01, 9.52830553e-01,
                    2.20842406e-01, 6.28786162e-02, -8.47867802e-02,
                    -2.42520869e-01, 9.66434062e-01, -7.93698132e-02, 0.,
                    0., 0., 1. ]
            }
        },
        {
            "id": 21,
            "Twc": {
                "type_id": "opencv-matrix",
                "rows": 4,
                "cols": 4,
                "dt": "f",
                "data": [ 9.72730815e-01, 2.07717612e-01, 1.03190131e-01,
                    1.60469249e-01, -2.25648016e-01, 9.50436711e-01,
                    2.13899687e-01, 2.53258273e-03, -5.36449552e-02,
                    -2.31351465e-01, 9.71390069e-01, -1.16405159e-01, 0.,
                    0., 0., 1. ]
            }
        },
        {
            "id": 9,
            "Twc": {
                "type_id": "opencv-matrix",
                "rows": 4,
                "cols": 4,
                "dt": "f",
                "data": [ 9.36504900e-01, -1.42812029e-01,
                    3.20255101e-01, -2.80443966e-01, 1.35837600e-01,
                    9.89747465e-01, 4.41375524e-02, -1.00069098e-01,
                    -3.23275059e-01, 2.16765166e-03, 9.46302593e-01,
                    9.67515483e-02, 0., 0., 0., 1. ]
            }
        },
        {
            "id": 17,
            "Twc": {
                "type_id": "opencv-matrix",
                "rows": 4,
                "cols": 4,
                "dt": "f",
                "data": [ 8.96959484e-01, -2.02691734e-01,
                    3.92911851e-01, -2.16650128e-01, 7.62928501e-02,
                    9.46344078e-01, 3.14025968e-01, 4.68354207e-03,
                    -4.35480267e-01, -2.51692206e-01, 8.64296257e-01,
                    1.57859787e-01, 0., 0., 0., 1. ]
            }
        },
        {
            "id": 8,
            "Twc": {
                "type_id": "opencv-matrix",
                "rows": 4,
                "cols": 4,
                "dt": "f",
                "data": [ 9.45957124e-01, -1.62001878e-01,
                    2.80927926e-01, -2.43298292e-01, 1.60155267e-01,
                    9.86645460e-01, 2.96816137e-02, -8.68750364e-02,
                    -2.81984746e-01, 1.69145521e-02, 9.59269762e-01,
                    7.25472867e-02, 0., 0., 0., 1. ]
            }
        },
        {
            "id": 18,
            "Twc": {
                "type_id": "opencv-matrix",
                "rows": 4,
                "cols": 4,
                "dt": "f",
                "data": [ 9.49341536e-01, -2.69528199e-02,
                    3.13088208e-01, -1.80872217e-01, -6.85770810e-02,
                    9.54532683e-01, 2.90111274e-01, 6.00762367e-02,
                    -3.06672245e-01, -2.96885341e-01, 9.04329181e-01,
                    8.36012438e-02, 0., 0., 0., 1. ]
            }
        },
        {
            "id": 19,
            "Twc": {
                "type_id": "opencv-matrix",
                "rows": 4,
                "cols": 4,
                "dt": "f",
                "data": [ 9.71726954e-01, 8.95973593e-02, 2.18446776e-01,
                    -7.83555210e-02, -1.47920862e-01, 9.52142954e-01,
                    2.67475665e-01, 6.66816607e-02, -1.84027433e-01,
                    -2.92226136e-01, 9.38476324e-01, -2.04028711e-02, 0.,
                    0., 0., 1. ]
            }
        },
        {
            "id": 22,
            "Twc": {
                "type_id": "opencv-matrix",
                "rows": 4,
                "cols": 4,
                "dt": "f",
                "data": [ 9.46168423e-01, 3.14701200e-01, 7.56868199e-02,
                    2.68099010e-01, -3.23196948e-01, 9.31280017e-01,
                    1.68110862e-01, -1.13231063e-01, -1.75809283e-02,
                    -1.83522940e-01, 9.82858181e-01, -1.73573598e-01, 0.,
                    0., 0., 1. ]
            }
        },
        {
            "id": 10,
            "Twc": {
                "type_id": "opencv-matrix",
                "rows": 4,
                "cols": 4,
                "dt": "f",
                "data": [ 9.20171797e-01, -1.42007306e-01,
                    3.64853144e-01, -3.28814924e-01, 1.25386924e-01,
                    9.89706874e-01, 6.89814463e-02, -1.39329985e-01,
                    -3.70893538e-01, -1.77269652e-02, 9.28506196e-01,
                    1.38252974e-01, 0., 0., 0., 1. ]
            }
        },
        {
            "id": 11,
            "Twc": {
                "type_id": "opencv-matrix",
                "rows": 4,
                "cols": 4,
                "dt": "f",
                "data": [ 9.22306895e-01, -1.23303600e-01,
                    3.66259754e-01, -3.57576609e-01, 1.09668657e-01,
                    9.92280841e-01, 5.78923635e-02, -1.68573961e-01,
                    -3.70570868e-01, -1.32273100e-02, 9.28709984e-01,
                    1.76097095e-01, 0., 0., 0., 1. ]
            }
        },
        {
            "id": 12,
            "Twc": {
                "type_id": "opencv-matrix",
                "rows": 4,
                "cols": 4,
                "dt": "f",
                "data": [ 9.19939220e-01, -7.57296085e-02,
                    3.84677589e-01, -3.71055454e-01, 6.08770065e-02,
                    9.96858716e-01, 5.06621003e-02, -1.93802506e-01,
                    -3.87305826e-01, -2.31880359e-02, 9.21659648e-01,
                    2.25060731e-01, 0., 0., 0., 1. ]
            }
        },
        {
            "id": 14,
            "Twc": {
                "type_id": "opencv-matrix",
                "rows": 4,
                "cols": 4,
                "dt": "f",
                "data": [ 8.86161029e-01, -1.21426567e-01,
                    4.47184831e-01, -2.85207599e-01, 1.03439741e-01,
                    9.92540300e-01, 6.45292401e-02, -1.79617807e-01,
                    -4.51684505e-01, -1.09266136e-02, 8.92110825e-01,
                    2.16346681e-01, 0., 0., 0., 1. ]
            }
        },
        {
            "id": 35,
            "Twc": {
                "type_id": "opencv-matrix",
                "rows": 4,
                "cols": 4,
                "dt": "f",
                "data": [ 6.50132746e-02, 7.17684090e-01,
                    -6.93327367e-01, 1.53320551e+00, -6.17479920e-01,
                    5.74736297e-01, 5.37025809e-01, -9.24525678e-01,
                    7.83895314e-01, 3.93201917e-01, 4.80520993e-01,
                    4.54347074e-01, 0., 0., 0., 1. ]
            }
        },
        {
            "id": 37,
            "Twc": {
                "type_id": "opencv-matrix",
                "rows": 4,
                "cols": 4,
                "dt": "f",
                "data": [ -1.17379442e-01, 7.12016404e-01,
                    -6.92282259e-01, 1.62195182e+00, -5.58228374e-01,
                    5.29237926e-01, 6.38974369e-01, -1.06272209e+00,
                    8.21342289e-01, 4.61454064e-01, 3.35346103e-01,
                    5.73327482e-01, 0., 0., 0., 1. ]
            }
        },
        {
            "id": 25,
            "Twc": {
                "type_id": "opencv-matrix",
                "rows": 4,
                "cols": 4,
                "dt": "f",
                "data": [ 7.98640430e-01, 5.65196514e-01,
                    -2.06703559e-01, 4.69465792e-01, -5.55042446e-01,
                    8.24518085e-01, 1.09990284e-01, -4.49448586e-01,
                    2.32596949e-01, 2.68865563e-02, 9.72201526e-01,
                    -3.31897229e-01, 0., 0., 0., 1. ]
            }
        },
        {
            "id": 39,
            "Twc": {
                "type_id": "opencv-matrix",
                "rows": 4,
                "cols": 4,
                "dt": "f",
                "data": [ -2.33980298e-01, 6.37115002e-01,
                    -7.34396160e-01, 1.48016906e+00, -5.23199201e-01,
                    5.54152250e-01, 6.47439420e-01, -1.12776089e+00,
                    8.19460690e-01, 5.35723567e-01, 2.03677356e-01,
                    7.19788432e-01, 0., 0., 0., 1. ]
            }
        },
        {
            "id": 27,
            "Twc": {
                "type_id": "opencv-matrix",
                "rows": 4,
                "cols": 4,
                "dt": "f",
                "data": [ 3.62564415e-01, 8.13357234e-01,
                    -4.54969257e-01, 5.60649097e-01, -8.53586614e-01,
                    4.85769242e-01, 1.88196927e-01, -5.39773583e-01,
                    3.74081403e-01, 3.20122153e-01, 8.70393515e-01,
                    -2.00191975e-01, 0., 0., 0., 1. ]
            }
        },
        {
            "id": 40,
            "Twc": {
                "type_id": "opencv-matrix",
                "rows": 4,
                "cols": 4,
                "dt": "f",
                "data": [ -2.47553453e-01, 6.45085990e-01,
                    -7.22897887e-01, 1.39607024e+00, -5.19495130e-01,
                    5.41426063e-01, 6.61046624e-01, -1.16697502e+00,
                    8.17827642e-01, 5.39186299e-01, 2.01087147e-01,
                    7.75489926e-01, 0., 0., 0., 1. ]
            }
        },
        {
            "id": 24,
            "Twc": {
                "type_id": "opencv-matrix",
                "rows": 4,
                "cols": 4,
                "dt": "f",
                "data": [ 8.75498950e-01, 4.50626016e-01,
                    -1.74464166e-01, 3.78559709e-01, -4.24712062e-01,
                    8.89797449e-01, 1.66973576e-01, -3.07482958e-01,
                    2.30480418e-01, -7.20881671e-02, 9.70403075e-01,
                    -2.85341531e-01, 0., 0., 0., 1. ]
            }
        },
        {
            "id": 26,
            "Twc": {
                "type_id": "opencv-matrix",
                "rows": 4,
                "cols": 4,
                "dt": "f",
                "data": [ 6.27510250e-01, 6.89774692e-01,
                    -3.61167222e-01, 4.83506501e-01, -7.25188136e-01,
                    6.86630905e-01, 5.13824075e-02, -5.03810763e-01,
                    2.83430874e-01, 2.29671195e-01, 9.31084335e-01,
                    -3.52603734e-01, 0., 0., 0., 1. ]
            }
        },
        {
            "id": 38,
            "Twc": {
                "type_id": "opencv-matrix",
                "rows": 4,
                "cols": 4,
                "dt": "f",
                "data": [ -1.93804935e-01, 6.52022779e-01,
                    -7.33011603e-01, 1.54885960e+00, -5.30642569e-01,
                    5.58770955e-01, 6.37333095e-01, -1.11215210e+00,
                    8.25141251e-01, 5.12485445e-01, 2.37698451e-01,
                    6.56382263e-01, 0., 0., 0., 1. ]
            }
        },
        {
            "id": 30,
            "Twc": {
                "type_id": "opencv-matrix",
                "rows": 4,
                "cols": 4,
                "dt": "f",
                "data": [ 3.92773658e-01, 6.01047337e-01,
                    -6.96039498e-01, 1.02331531e+00, -5.43641865e-01,
                    7.62209833e-01, 3.51411045e-01, -6.50403976e-01,
                    7.41742790e-01, 2.40371197e-01, 6.26130462e-01,
                    1.93971694e-01, 0., 0., 0., 1. ]
            }
        },
        {
            "id": 34,
            "Twc": {
                "type_id": "opencv-matrix",
                "rows": 4,
                "cols": 4,
                "dt": "f",
                "data": [ 2.22110704e-01, 7.14251339e-01,
                    -6.63710713e-01, 1.44557953e+00, -6.40060544e-01,
                    6.20315492e-01, 4.53355461e-01, -8.17057252e-01,
                    7.35519767e-01, 3.24119955e-01, 5.94942808e-01,
                    3.68976295e-01, 0., 0., 0., 1. ]
            }
        },
        {
            "id": 23,
            "Twc": {
                "type_id": "opencv-matrix",
                "rows": 4,
                "cols": 4,
                "dt": "f",
                "data": [ 9.16225314e-01, 3.99955779e-01, 2.38009524e-02,
                    3.11427802e-01, -3.98894995e-01, 9.04995620e-01,
                    1.47870645e-01, -2.26353765e-01, 3.76019664e-02,
                    -1.44976914e-01, 9.88720298e-01, -2.37239778e-01, 0.,
                    0., 0., 1. ]
            }
        },
        {
            "id": 31,
            "Twc": {
                "type_id": "opencv-matrix",
                "rows": 4,
                "cols": 4,
                "dt": "f",
                "data": [ 3.88953060e-01, 6.02105498e-01,
                    -6.97269320e-01, 1.11517751e+00, -5.40447772e-01,
                    7.62075007e-01, 3.56592119e-01, -6.37156546e-01,
                    7.46077597e-01, 2.38140017e-01, 6.21817946e-01,
                    2.22996891e-01, 0., 0., 0., 1. ]
            }
        },
        {
            "id": 41,
            "Twc": {
                "type_id": "opencv-matrix",
                "rows": 4,
                "cols": 4,
                "dt": "f",
                "data": [ -2.32254684e-01, 6.59859002e-01,
                    -7.14593530e-01, 1.33018708e+00, -5.15578270e-01,
                    5.39455831e-01, 6.65707469e-01, -1.21014047e+00,
                    8.24764729e-01, 5.23042560e-01, 2.14917779e-01,
                    7.97233462e-01, 0., 0., 0., 1. ]
            }
        },
        {
            "id": 33,
            "Twc": {
                "type_id": "opencv-matrix",
                "rows": 4,
                "cols": 4,
                "dt": "f",
                "data": [ 2.97258258e-01, 6.92230642e-01,
                    -6.57612562e-01, 1.36338711e+00, -5.95003307e-01,
                    6.72959208e-01, 4.39427942e-01, -7.51355946e-01,
                    7.46731937e-01, 2.60658085e-01, 6.11922204e-01,
                    2.93854117e-01, 0., 0., 0., 1. ]
            }
        },
        {
            "id": 29,
            "Twc": {
                "type_id": "opencv-matrix",
                "rows": 4,
                "cols": 4,
                "dt": "f",
                "data": [ 3.62418830e-01, 7.07130611e-01,
                    -6.07139885e-01, 8.27514887e-01, -5.70037484e-01,
                    6.83555901e-01, 4.55860317e-01, -6.37408376e-01,
                    7.37366855e-01, 1.80880129e-01, 6.50824487e-01,
                    7.83707201e-02, 0., 0., 0., 1. ]
            }
        },
        {
            "id": 32,
            "Twc": {
                "type_id": "opencv-matrix",
                "rows": 4,
                "cols": 4,
                "dt": "f",
                "data": [ 3.42334956e-01, 6.45140290e-01,
                    -6.83081806e-01, 1.18900204e+00, -5.23731649e-01,
                    7.34612763e-01, 4.31334317e-01, -6.63076043e-01,
                    7.80071735e-01, 2.10090727e-01, 5.89363992e-01,
                    2.41892338e-01, 0., 0., 0., 1. ]
            }
        },
        {
            "id": 28,
            "Twc": {
                "type_id": "opencv-matrix",
                "rows": 4,
                "cols": 4,
                "dt": "f",
                "data": [ 3.36140841e-01, 8.12277079e-01,
                    -4.76671070e-01, 6.39142156e-01, -7.36536741e-01,
                    5.42148590e-01, 4.04460788e-01, -5.72997034e-01,
                    5.86960733e-01, 2.15129972e-01, 7.80510187e-01,
                    -5.11436164e-02, 0., 0., 0., 1. ]
            }
        },
        {
            "id": 36,
            "Twc": {
                "type_id": "opencv-matrix",
                "rows": 4,
                "cols": 4,
                "dt": "f",
                "data": [ -7.59390369e-02, 7.20524907e-01,
                    -6.89258397e-01, 1.61004341e+00, -5.84043086e-01,
                    5.28122008e-01, 6.16425872e-01, -1.00138390e+00,
                    8.08162689e-01, 4.49367404e-01, 3.80712509e-01,
                    5.21325648e-01, 0., 0., 0., 1. ]
            }
        },
        {
            "id": 48,
            "Twc": {
                "type_id": "opencv-matrix",
                "rows": 4,
                "cols": 4,
                "dt": "f",
                "data": [ -2.89233059e-01, 8.63890171e-01,
                    -4.12356704e-01, 9.94932771e-01, -6.65910184e-01,
                    1.27880603e-01, 7.34989941e-01, -1.08930540e+00,
                    6.87682986e-01, 4.87175912e-01, 5.38285971e-01,
                    8.72578025e-01, 0., 0., 0., 1. ]
            }
        },
        {
            "id": 42,
            "Twc": {
                "type_id": "opencv-matrix",
                "rows": 4,
                "cols": 4,
                "dt": "f",
                "data": [ -2.55443424e-01, 6.58220828e-01,
                    -7.08162427e-01, 1.25656998e+00, -5.37596405e-01,
                    5.12088239e-01, 6.69892371e-01, -1.25666821e+00,
                    8.03578734e-01, 5.51825166e-01, 2.23047569e-01,
                    7.91525722e-01, 0., 0., 0., 1. ]
            }
        },
        {
            "id": 54,
            "Twc": {
                "type_id": "opencv-matrix",
                "rows": 4,
                "cols": 4,
                "dt": "f",
                "data": [ -2.64487900e-02, 9.09503341e-01,
                    -4.14854348e-01, 1.08507085e+00, -6.17267072e-01,
                    3.11573148e-01, 7.22428918e-01, -6.82242870e-01,
                    7.86309004e-01, 2.75183290e-01, 5.53165734e-01,
                    6.11449122e-01, 0., 0., 0., 1. ]
            }
        },
        {
            "id": 45,
            "Twc": {
                "type_id": "opencv-matrix",
                "rows": 4,
                "cols": 4,
                "dt": "f",
                "data": [ -3.36580545e-01, 7.57599235e-01,
                    -5.59246778e-01, 1.05767941e+00, -5.63322604e-01,
                    3.13911259e-01, 7.64282227e-01, -1.30507743e+00,
                    7.54573524e-01, 5.72278857e-01, 3.21116358e-01,
                    7.61770487e-01, 0., 0., 0., 1. ]
            }
        },
        {
            "id": 57,
            "Twc": {
                "type_id": "opencv-matrix",
                "rows": 4,
                "cols": 4,
                "dt": "f",
                "data": [ 3.30700010e-01, 8.52651417e-01,
                    -4.04503495e-01, 1.04784155e+00, -6.33907437e-01,
                    5.18223464e-01, 5.74113071e-01, -6.57372832e-01,
                    6.99141502e-01, 6.65585473e-02, 7.11878538e-01,
                    5.25310576e-01, 0., 0., 0., 1. ]
            }
        },
        {
            "id": 50,
            "Twc": {
                "type_id": "opencv-matrix",
                "rows": 4,
                "cols": 4,
                "dt": "f",
                "data": [ -2.25905880e-01, 9.12992060e-01,
                    -3.39723408e-01, 1.07705152e+00, -6.30197406e-01,
                    1.28964752e-01, 7.65649617e-01, -8.76645565e-01,
                    7.42844403e-01, 3.87057543e-01, 5.46231329e-01,
                    8.24758053e-01, 0., 0., 0., 1. ]
            }
        },
        {
            "id": 44,
            "Twc": {
                "type_id": "opencv-matrix",
                "rows": 4,
                "cols": 4,
                "dt": "f",
                "data": [ -2.94978291e-01, 6.56165779e-01,
                    -6.94574893e-01, 1.12172115e+00, -5.41755021e-01,
                    4.83932316e-01, 6.87248886e-01, -1.31020832e+00,
                    7.87076414e-01, 5.79012930e-01, 2.12731585e-01,
                    7.53599405e-01, 0., 0., 0., 1. ]
            }
        },
        {
            "id": 46,
            "Twc": {
                "type_id": "opencv-matrix",
                "rows": 4,
                "cols": 4,
                "dt": "f",
                "data": [ -3.37314039e-01, 7.94375122e-01,
                    -5.05160809e-01, 1.00924730e+00, -6.00419223e-01,
                    2.31758267e-01, 7.65365839e-01, -1.26956069e+00,
                    7.25062788e-01, 5.61476886e-01, 3.98782760e-01,
                    7.89392710e-01, 0., 0., 0., 1. ]
            }
        },
        {
            "id": 51,
            "Twc": {
                "type_id": "opencv-matrix",
                "rows": 4,
                "cols": 4,
                "dt": "f",
                "data": [ -2.08866820e-01, 9.26399827e-01,
                    -3.13301772e-01, 1.10563457e+00, -6.13849759e-01,
                    1.25199139e-01, 7.79431641e-01, -7.94518113e-01,
                    7.61290431e-01, 3.55117619e-01, 5.42520344e-01,
                    7.67351925e-01, 0., 0., 0., 1. ]
            }
        },
        {
            "id": 49,
            "Twc": {
                "type_id": "opencv-matrix",
                "rows": 4,
                "cols": 4,
                "dt": "f",
                "data": [ -2.68312782e-01, 8.85745823e-01,
                    -3.78764600e-01, 1.03133011e+00, -6.40741825e-01,
                    1.29509583e-01, 7.56754398e-01, -9.73671138e-01,
                    7.19345689e-01, 4.45737183e-01, 5.32785296e-01,
                    8.71530116e-01, 0., 0., 0., 1. ]
            }
        },
        {
            "id": 43,
            "Twc": {
                "type_id": "opencv-matrix",
                "rows": 4,
                "cols": 4,
                "dt": "f",
                "data": [ -2.95400441e-01, 6.56830490e-01,
                    -6.93766773e-01, 1.18024278e+00, -5.15583813e-01,
                    5.01747906e-01, 6.94566309e-01, -1.29228771e+00,
                    8.04308355e-01, 5.62870085e-01, 1.90434620e-01,
                    7.64552772e-01, 0., 0., 0., 1. ]
            }
        },
        {
            "id": 52,
            "Twc": {
                "type_id": "opencv-matrix",
                "rows": 4,
                "cols": 4,
                "dt": "f",
                "data": [ -1.64838195e-01, 9.42779124e-01,
                    -2.89820403e-01, 1.11179614e+00, -6.11373961e-01,
                    1.32916555e-01, 7.80099392e-01, -7.38938808e-01,
                    7.73983359e-01, 3.05778831e-01, 5.54480851e-01,
                    7.16028929e-01, 0., 0., 0., 1. ]
            }
        },
        {
            "id": 53,
            "Twc": {
                "type_id": "opencv-matrix",
                "rows": 4,
                "cols": 4,
                "dt": "f",
                "data": [ -1.15078382e-01, 9.28743899e-01,
                    -3.52408409e-01, 1.10427642e+00, -6.11131787e-01,
                    2.13488087e-01, 7.62194693e-01, -6.98006749e-01,
                    7.83118665e-01, 3.03080112e-01, 5.43017089e-01,
                    6.67208195e-01, 0., 0., 0., 1. ]
            }
        },
        {
            "id": 47,
            "Twc": {
                "type_id": "opencv-matrix",
                "rows": 4,
                "cols": 4,
                "dt": "f",
                "data": [ -3.30035686e-01, 8.10120761e-01,
                    -4.84541833e-01, 9.94246185e-01, -6.55183971e-01,
                    1.72939822e-01, 7.35408604e-01, -1.18849516e+00,
                    6.79566383e-01, 5.60175121e-01, 4.73701805e-01,
                    8.38817894e-01, 0., 0., 0., 1. ]
            }
        },
        {
            "id": 55,
            "Twc": {
                "type_id": "opencv-matrix",
                "rows": 4,
                "cols": 4,
                "dt": "f",
                "data": [ 1.76480740e-01, 8.90422106e-01,
                    -4.19527143e-01, 1.08647883e+00, -6.46139681e-01,
                    4.26327616e-01, 6.33046806e-01, -6.66852534e-01,
                    7.42534876e-01, 1.59352571e-01, 6.50575697e-01,
                    5.45856714e-01, 0., 0., 0., 1. ]
            }
        },
        {
            "id": 56,
            "Twc": {
                "type_id": "opencv-matrix",
                "rows": 4,
                "cols": 4,
                "dt": "f",
                "data": [ 2.86028713e-01, 8.90813529e-01,
                    -3.53042215e-01, 1.09505820e+00, -6.64295733e-01,
                    4.49869722e-01, 5.96932530e-01, -6.34798944e-01,
                    6.90578580e-01, 6.37845844e-02, 7.20439255e-01,
                    5.31413019e-01, 0., 0., 0., 1. ]
            }
        }
    ],
    "MapPoints": [
        {
            "id": 327,
            "mWorldPos": {
                "type_id": "opencv-matrix",
                "rows": 3,
                "cols": 1,
                "dt": "f",
                "data": [ 5.49174666e-01, -2.78501779e-01,
                    1.08445692e+00 ]
            }
        },
        {
            "id": 340,
            "mWorldPos": {
                "type_id": "opencv-matrix",
                "rows": 3,
                "cols": 1,
                "dt": "f",
                "data": [ -5.45980752e-01, -9.54163633e-03,
                    1.06905758e+00 ]
            }
        },
        {
            "id": 343,
            "mWorldPos": {
                "type_id": "opencv-matrix",
                "rows": 3,
                "cols": 1,
                "dt": "f",
                "data": [ 3.85441631e-01, -1.33287370e-01,
                    8.21695745e-01 ]
            }
        },
        {
            "id": 366,
            "mWorldPos": {
                "type_id": "opencv-matrix",
                "rows": 3,
                "cols": 1,
                "dt": "f",
                "data": [ 2.78255552e-01, -1.82641640e-01,
                    9.35928166e-01 ]
            }
        },
        {
            "id": 337,
            "mWorldPos": {
                "type_id": "opencv-matrix",
                "rows": 3,
                "cols": 1,
                "dt": "f",
                "data": [ 6.41552582e-02, -6.64092675e-02,
                    9.18010354e-01 ]
            }
        },
        {
            "id": 359,
            "mWorldPos": {
                "type_id": "opencv-matrix",
                "rows": 3,
                "cols": 1,
                "dt": "f",
                "data": [ -7.32508242e-01, -3.87864351e-01,
                    1.57681715e+00 ]
            }
        },
        {
            "id": 368,
            "mWorldPos": {
                "type_id": "opencv-matrix",
                "rows": 3,
                "cols": 1,
                "dt": "f",
                "data": [ -5.11272728e-01, -4.90183890e-01,
                    1.60538864e+00 ]
            }
        },
        {
            "id": 369,
            "mWorldPos": {
                "type_id": "opencv-matrix",
                "rows": 3,
                "cols": 1,
                "dt": "f",
                "data": [ 2.36934319e-01, 1.63954124e-01, 5.25067031e-01 ]
            }
        },
        {
            "id": 342,
            "mWorldPos": {
                "type_id": "opencv-matrix",
                "rows": 3,
                "cols": 1,
                "dt": "f",
                "data": [ -3.86977345e-01, -1.27316728e-01,
                    1.08637929e+00 ]
            }
        },
        {
            "id": 354,
            "mWorldPos": {
                "type_id": "opencv-matrix",
                "rows": 3,
                "cols": 1,
                "dt": "f",
                "data": [ 7.33302757e-02, -8.42759162e-02,
                    9.46305871e-01 ]
            }
        },
        {
            "id": 351,
            "mWorldPos": {
                "type_id": "opencv-matrix",
                "rows": 3,
                "cols": 1,
                "dt": "f",
                "data": [ -3.86257350e-01, -2.44905666e-01,
                    1.03756285e+00 ]
            }
        },
        {
            "id": 353,
            "mWorldPos": {
                "type_id": "opencv-matrix",
                "rows": 3,
                "cols": 1,
                "dt": "f",
                "data": [ 1.18990935e-01, -8.04410726e-02,
                    9.15153861e-01 ]
            }
        },
        {
            "id": 346,
            "mWorldPos": {
                "type_id": "opencv-matrix",
                "rows": 3,
                "cols": 1,
                "dt": "f",
                "data": [ 2.30222464e-01, -8.56079906e-02,
                    8.79012764e-01 ]
            }
        },
        {
            "id": 345,
            "mWorldPos": {
                "type_id": "opencv-matrix",
                "rows": 3,
                "cols": 1,
                "dt": "f",
                "data": [ 3.34696472e-01, -2.69870460e-01,
                    1.03268445e+00 ]
            }
        },
        {
            "id": 357,
            "mWorldPos": {
                "type_id": "opencv-matrix",
                "rows": 3,
                "cols": 1,
                "dt": "f",
                "data": [ -3.01011652e-01, -5.50924420e-01,
                    1.48402345e+00 ]
            }
        },
        {
            "id": 326,
            "mWorldPos": {
                "type_id": "opencv-matrix",
                "rows": 3,
                "cols": 1,
                "dt": "f",
                "data": [ 5.10835350e-01, -2.60158092e-01,
                    1.00903940e+00 ]
            }
        },
        {
            "id": 2449,
            "mWorldPos": {
                "type_id": "opencv-matrix",
                "rows": 3,
                "cols": 1,
                "dt": "f",
                "data": [ -4.16831821e-01, -2.55846769e-01,
                    1.17379940e+00 ]
            }
        },
        {
            "id": 2480,
            "mWorldPos": {
                "type_id": "opencv-matrix",
                "rows": 3,
                "cols": 1,
                "dt": "f",
                "data": [ -3.24741691e-01, -2.86523402e-01,
                    9.15937722e-01 ]
            }
        },
        {
            "id": 2441,
            "mWorldPos": {
                "type_id": "opencv-matrix",
                "rows": 3,
                "cols": 1,
                "dt": "f",
                "data": [ 4.27556485e-01, -2.99642444e-01,
                    1.08006430e+00 ]
            }
        },
        {
            "id": 2448,
            "mWorldPos": {
                "type_id": "opencv-matrix",
                "rows": 3,
                "cols": 1,
                "dt": "f",
                "data": [ -1.48007855e-01, -3.49210501e-01,
                    1.28030300e+00 ]
            }
        },
        {
            "id": 2471,
            "mWorldPos": {
                "type_id": "opencv-matrix",
                "rows": 3,
                "cols": 1,
                "dt": "f",
                "data": [ 1.22263089e-01, -3.28291744e-01,
                    7.83800483e-01 ]
            }
        },
        {
            "id": 2452,
            "mWorldPos": {
                "type_id": "opencv-matrix",
                "rows": 3,
                "cols": 1,
                "dt": "f",
                "data": [ 5.40385962e-01, -2.31461480e-01,
                    9.70982373e-01 ]
            }
        },
        {
            "id": 2437,
            "mWorldPos": {
                "type_id": "opencv-matrix",
                "rows": 3,
                "cols": 1,
                "dt": "f",
                "data": [ -4.20036376e-01, -2.60129482e-01,
                    1.23482478e+00 ]
            }
        },
        {
            "id": 2445,
            "mWorldPos": {
                "type_id": "opencv-matrix",
                "rows": 3,
                "cols": 1,
                "dt": "f",
                "data": [ 1.17942847e-01, -3.32486518e-02,
                    8.60811114e-01 ]
            }
        },
        {
            "id": 2442,
            "mWorldPos": {
                "type_id": "opencv-matrix",
                "rows": 3,
                "cols": 1,
                "dt": "f",
                "data": [ -3.65372777e-01, -5.97896501e-02,
                    9.91626084e-01 ]
            }
        },
        {
            "id": 2451,
            "mWorldPos": {
                "type_id": "opencv-matrix",
                "rows": 3,
                "cols": 1,
                "dt": "f",
                "data": [ 3.06180477e-01, -3.21573585e-01,
                    1.01536417e+00 ]
            }
        },
        {
            "id": 2466,
            "mWorldPos": {
                "type_id": "opencv-matrix",
                "rows": 3,
                "cols": 1,
                "dt": "f",
                "data": [ 1.54667407e-01, 1.33560067e-02, 7.80973017e-01 ]
            }
        },
        {
            "id": 2484,
            "mWorldPos": {
                "type_id": "opencv-matrix",
                "rows": 3,
                "cols": 1,
                "dt": "f",
                "data": [ 3.94489765e-01, -2.74281681e-01,
                    1.09163475e+00 ]
            }
        },
        {
            "id": 2485,
            "mWorldPos": {
                "type_id": "opencv-matrix",
                "rows": 3,
                "cols": 1,
                "dt": "f",
                "data": [ 5.79602003e-01, -4.97237414e-01,
                    1.08827364e+00 ]
            }
        },
        {
            "id": 2447,
            "mWorldPos": {
                "type_id": "opencv-matrix",
                "rows": 3,
                "cols": 1,
                "dt": "f",
                "data": [ -3.89969409e-01, -2.77870476e-01,
                    9.85174000e-01 ]
            }
        },
        {
            "id": 2477,
            "mWorldPos": {
                "type_id": "opencv-matrix",
                "rows": 3,
                "cols": 1,
                "dt": "f",
                "data": [ 5.33627450e-01, -4.81193781e-01,
                    1.04396665e+00 ]
            }
        },
        {
            "id": 2446,
            "mWorldPos": {
                "type_id": "opencv-matrix",
                "rows": 3,
                "cols": 1,
                "dt": "f",
                "data": [ -1.29894987e-01, -1.34269416e-01,
                    9.75044549e-01 ]
            }
        },
        {
            "id": 2464,
            "mWorldPos": {
                "type_id": "opencv-matrix",
                "rows": 3,
                "cols": 1,
                "dt": "f",
                "data": [ 2.22120583e-01, -3.06498855e-01,
                    9.11384284e-01 ]
            }
        },
        {
            "id": 2461,
            "mWorldPos": {
                "type_id": "opencv-matrix",
                "rows": 3,
                "cols": 1,
                "dt": "f",
                "data": [ 5.65721154e-01, -4.94116515e-01,
                    1.07539892e+00 ]
            }
        },
        {
            "id": 2459,
            "mWorldPos": {
                "type_id": "opencv-matrix",
                "rows": 3,
                "cols": 1,
                "dt": "f",
                "data": [ -1.35434687e-01, -1.36924163e-01,
                    9.52621043e-01 ]
            }
        },
        {
            "id": 2482,
            "mWorldPos": {
                "type_id": "opencv-matrix",
                "rows": 3,
                "cols": 1,
                "dt": "f",
                "data": [ 2.60597795e-01, -2.27563217e-01,
                    9.96856213e-01 ]
            }
        },
        {
            "id": 2481,
            "mWorldPos": {
                "type_id": "opencv-matrix",
                "rows": 3,
                "cols": 1,
                "dt": "f",
                "data": [ -1.56102836e-01, -2.52905428e-01,
                    9.23473120e-01 ]
            }
        },
        {
            "id": 2483,
            "mWorldPos": {
                "type_id": "opencv-matrix",
                "rows": 3,
                "cols": 1,
                "dt": "f",
                "data": [ 1.71022385e-01, 1.85948480e-02, 8.04445386e-01 ]
            }
        },
        {
            "id": 2538,
            "mWorldPos": {
                "type_id": "opencv-matrix",
                "rows": 3,
                "cols": 1,
                "dt": "f",
                "data": [ -4.02329177e-01, -1.44683644e-01,
                    1.03969967e+00 ]
            }
        },
        {
            "id": 2533,
            "mWorldPos": {
                "type_id": "opencv-matrix",
                "rows": 3,
                "cols": 1,
                "dt": "f",
                "data": [ -1.35227352e-01, -1.38952136e-01,
                    9.49039638e-01 ]
            }
        },
        {
            "id": 2542,
            "mWorldPos": {
                "type_id": "opencv-matrix",
                "rows": 3,
